0 3
0 4
0 5
0 7
0 8
0 9
0 11
0 12
0 16
0 18
0 20
0 21
0 22
0 24
0 26
0 27
0 30
0 34
0 41
0 42
0 51
0 57
0 58
1 7
1 8
1 9
1 10
1 11
1 12
1 15
1 21
1 27
1 33
1 34
1 37
1 39
1 40
1 42
1 44
1 50
1 51
1 59
2 4
2 6
2 8
2 10
2 11
2 12
2 13
2 14
2 18
2 19
2 22
2 24
2 26
2 27
2 29
2 33
2 34
2 35
2 38
2 39
2 40
2 42
2 43
2 46
2 47
2 51
2 54
2 58
3 6
3 10
3 16
3 18
3 21
3 28
3 30
3 32
3 33
3 41
3 46
3 48
3 49
3 50
3 53
3 59
4 6
4 11
4 12
4 14
4 15
4 17
4 19
4 25
4 26
4 27
4 28
4 30
4 37
4 40
4 42
4 45
4 48
4 50
4 52
4 53
4 54
4 56
5 8
5 9
5 10
5 11
5 13
5 14
5 15
5 17
5 21
5 22
5 23
5 24
5 33
5 34
5 36
5 37
5 39
5 41
5 46
5 50
5 52
5 53
5 57
5 58
6 7
6 12
6 15
6 17
6 19
6 20
6 21
6 27
6 28
6 30
6 31
6 33
6 34
6 37
6 41
6 43
6 45
6 53
6 54
6 57
6 59
7 8
7 10
7 15
7 16
7 21
7 22
7 23
7 27
7 28
7 34
7 35
7 40
7 43
7 46
7 47
7 48
7 50
7 51
7 53
7 54
7 55
7 56
7 57
8 12
8 13
8 15
8 16
8 17
8 23
8 26
8 28
8 29
8 32
8 33
8 34
8 36
8 41
8 45
8 47
8 48
8 49
8 50
8 52
8 54
8 59
9 15
9 17
9 19
9 20
9 21
9 24
9 26
9 27
9 28
9 31
9 33
9 34
9 35
9 38
9 39
9 40
9 42
9 45
9 47
9 49
9 52
9 53
9 54
10 13
10 16
10 18
10 20
10 23
10 28
10 29
10 32
10 34
10 35
10 38
10 41
10 45
10 46
10 47
10 48
10 49
10 51
10 55
10 57
10 59
11 13
11 16
11 29
11 30
11 31
11 33
11 35
11 36
11 39
11 41
11 44
11 48
11 56
11 57
11 58
12 15
12 16
12 17
12 18
12 22
12 24
12 25
12 28
12 29
12 33
12 34
12 38
12 39
12 42
12 45
12 46
12 49
12 52
12 53
12 59
13 15
13 16
13 20
13 21
13 22
13 27
13 33
13 35
13 38
13 40
13 42
13 43
13 44
13 46
13 53
13 54
13 58
13 59
14 29
14 30
14 31
14 32
14 33
14 34
14 35
14 36
14 39
14 40
14 41
14 43
14 44
14 47
14 48
14 50
14 52
14 54
14 55
14 56
14 57
15 18
15 19
15 22
15 24
15 25
15 29
15 31
15 32
15 35
15 37
15 38
15 40
15 41
15 42
15 44
15 45
15 48
15 53
15 54
16 17
16 19
16 26
16 27
16 31
16 33
16 34
16 40
16 41
16 42
16 46
16 47
16 48
16 53
17 18
17 20
17 25
17 26
17 28
17 29
17 30
17 36
17 38
17 39
17 40
17 44
17 45
17 51
17 52
17 57
17 59
18 20
18 21
18 22
18 25
18 27
18 34
18 39
18 40
18 42
18 43
18 46
18 47
18 48
18 51
18 52
18 54
18 55
19 21
19 25
19 26
19 28
19 29
19 30
19 32
19 38
19 40
19 43
19 47
19 55
20 21
20 22
20 23
20 26
20 30
20 33
20 36
20 37
20 42
20 43
20 44
20 46
20 48
20 49
20 50
20 51
20 52
20 53
20 57
21 22
21 24
21 25
21 32
21 34
21 35
21 37
21 38
21 39
21 41
21 42
21 44
21 49
21 50
21 54
21 55
21 56
21 57
21 58
21 59
22 24
22 27
22 31
22 32
22 33
22 34
22 36
22 41
22 45
22 46
22 50
22 51
22 52
22 53
22 55
23 24
23 25
23 28
23 29
23 30
23 33
23 36
23 39
23 41
23 42
23 47
23 48
23 53
23 54
23 55
23 57
23 58
23 59
24 27
24 29
24 33
24 35
24 37
24 40
24 44
24 45
24 46
24 47
24 49
24 50
24 56
24 59
25 26
25 30
25 32
25 33
25 35
25 36
25 37
25 48
25 50
25 51
25 55
26 27
26 29
26 30
26 34
26 35
26 36
26 37
26 39
26 42
26 48
26 52
26 58
27 28
27 33
27 34
27 38
27 39
27 40
27 41
27 44
27 45
27 46
27 48
27 50
28 31
28 32
28 33
28 40
28 42
28 43
28 50
28 55
28 58
28 59
29 30
29 37
29 40
29 42
29 44
29 48
29 51
29 52
29 57
30 38
30 40
30 41
30 47
30 48
30 49
30 53
30 56
30 58
31 33
31 38
31 42
31 45
31 49
31 50
31 53
31 54
31 56
31 58
32 35
32 39
32 40
32 42
32 43
32 48
32 49
32 52
32 55
32 56
32 57
32 59
33 34
33 36
33 37
33 41
33 42
33 43
33 46
33 47
33 49
33 52
33 55
34 35
34 37
34 38
34 44
34 45
34 48
34 49
34 50
34 51
34 52
34 53
34 54
35 36
35 40
35 42
35 43
35 48
35 49
35 50
35 51
35 52
35 53
35 56
35 59
36 37
36 45
36 51
36 54
36 56
36 57
36 58
36 59
37 39
37 43
37 44
37 46
37 48
37 49
37 51
37 52
37 54
38 41
38 45
38 52
38 55
38 58
38 59
39 41
39 43
39 45
39 47
39 48
39 49
39 51
39 52
39 55
39 57
40 44
40 46
40 48
40 54
40 57
40 59
41 42
41 47
41 49
41 50
41 53
41 54
41 56
41 59
42 43
42 44
42 45
42 52
42 53
42 54
42 55
43 48
43 49
43 50
43 52
43 55
43 56
43 57
43 58
44 46
44 54
44 56
44 58
44 59
45 46
45 50
45 54
46 47
46 50
46 52
46 53
46 55
46 59
47 49
47 51
47 55
47 56
47 59
48 52
48 54
48 57
48 58
49 51
49 52
49 54
49 57
49 58
49 59
50 54
50 55
50 56
50 57
51 53
51 56
51 59
52 55
52 59
53 58
54 55
54 57
54 59
55 59
57 58
57 59
51
26 59 